%0ms
% W   0%
% strong   read   0.618 0.236 0.417 7.459
% eventual read   0.872 0.39  0.778 6.52

% W  25%
% strong   read   0.707 0.269 0.471 8.529
% eventual read   0.896 0.4   0.658 1.35
% strong   write  1.903 1.536 1.856 2.337
% eventual write  1.498 0.519 0.675 8.877
%
% W  50%
% strong   read   1.059 0.235 0.667 6.364
% eventual read   1.314 0.394 0.922 8.078
% strong   write  1.834 1.008 1.867 2.716
% eventual write  1.286 0.405 0.864 8.256
%
% W  75%
% strong   read   1.839 0.349 0.446 14.02
% eventual read   1.333 0.601 0.865 6.703
% strong   write  1.834 1.008 1.867 2.716
% eventual write  0.929 0.399 0.724 6.529
%
% W 100%
% strong   write  1.700 0.928 1.762 2.092
% eventual write  0.836 0.423 0.657 7.08

strong_read_0ms = [0.618 0.236 0.417 7.459; ...
                    0.707 0.269 0.471 8.529; ...
                    1.059 0.235 0.667 6.364; ...
                    1.839 0.349 0.446 14.02; ...
                    0 0 0 0; ]

strong_write_0ms = [0 0 0 0; ...
                  1.903 1.536 1.856 2.337; ...
                  1.834 1.008 1.867 2.716; ...
                  1.834 1.008 1.867 2.716; ...
                  1.700 0.928 1.762 2.092];

ec_read_0ms = [0.872 0.39  0.778 6.52; ...
              0.896 0.4   0.658 1.35; ...
              1.314 0.394 0.922 8.078; ...


]
